[Error: 2024-04-21 18:16:38.6856683: localization.cpp(110)] No translation found for "Unable to download the launcher update. Launching previous version..."
[Error: 2024-04-21 18:16:38.6857546: localization.cpp(110)] No translation found for "Unable to update the launcher."
[Error: 2024-04-21 18:16:38.6857714: localization.cpp(110)] No translation found for "Unable to download the bootstrap update. Launching previous version..."
[Error: 2024-04-21 18:16:38.6857879: localization.cpp(110)] No translation found for "Unable to update the bootstrap."
[Error: 2024-04-21 18:16:38.6858197: localization.cpp(110)] No translation found for "Failed to initialize GDK, please make sure Xbox App and Gaming Services are up to date and running."
[Info: 2024-04-21 18:16:38.6907723: NetQueue.cpp(32)] NetQueue: Setting up.
[Info: 2024-04-21 18:16:38.6965933: NetQueue.cpp(414)] NetQueue: worker thread started.
[Info: 2024-04-21 18:16:38.6969870: mainWindows.cpp(117)] Running launcher bootstrap (version 1.9.2)
[Info: 2024-04-21 18:16:38.7021472: NetQueue.cpp(32)] NetQueue: Setting up.
[Info: 2024-04-21 18:16:38.7029845: NetQueue.cpp(414)] NetQueue: worker thread started.
[Error: 2024-04-21 18:16:38.7042250: localization.cpp(110)] No translation found for "Unable to download the launcher update. Launching previous version..."
[Error: 2024-04-21 18:16:38.7042752: localization.cpp(110)] No translation found for "Unable to update the launcher."
[Error: 2024-04-21 18:16:38.7043146: localization.cpp(110)] No translation found for "Unable to download the bootstrap update. Launching previous version..."
[Error: 2024-04-21 18:16:38.7043530: localization.cpp(110)] No translation found for "Unable to update the bootstrap."
[Error: 2024-04-21 18:16:38.7044077: localization.cpp(110)] No translation found for "Failed to initialize GDK, please make sure Xbox App and Gaming Services are up to date and running."
[Info: 2024-04-21 18:16:38.7044595: Common.cpp(35)] Native Launcher Version: 1.9.2
[Info: 2024-04-21 18:16:38.7045307: Common.cpp(36)] Operating System: Windows 10 Enterprise
[Info: 2024-04-21 18:16:38.7046586: Common.cpp(37)] Application Data directory: C:\...\.minecraft
[Info: 2024-04-21 18:16:38.7049477: Common.cpp(38)] Executable Path: /:\...\MinecraftLauncher.exe
[Info: 2024-04-21 18:16:38.7050230: Common.cpp(39)] App Directory dir: C:\...\Minecraft Launcher
[Info: 2024-04-21 18:16:38.7050970: Common.cpp(40)] Game data directory: C:\...\.minecraft
[Info: 2024-04-21 18:16:38.7051675: Common.cpp(41)] Launcher dir: C:\...\game
[Info: 2024-04-21 18:16:38.7052353: Common.cpp(42)] Update dir: C:\...\update_files
[Info: 2024-04-21 18:16:38.7053043: Common.cpp(43)] TmpDir dir: 
[Info: 2024-04-21 18:16:38.7053574: Common.cpp(44)] StagingDir dir: C:\...\staging
[Warning: 2024-04-21 18:16:38.7069438: UpdateChecking.cpp(324)] Unable to find 'channel' key in settings.
[Info: 2024-04-21 18:16:38.7070027: UpdateChecking.cpp(352)] Failed to read update preferences from C:\...\launcher_profiles.json
[Info: 2024-04-21 18:16:38.7070555: UpdateChecking.cpp(357)] Using update preferences at path: C:\...\launcher_settings.json
[Info: 2024-04-21 18:16:38.7077471: KeyMakerCache.cpp(220)] Initializing KeyMaker response cache for prod...
[Info: 2024-04-21 18:16:38.7077906: KeyMakerCache.cpp(226)] KeyMaker response cache initialized.
[Info: 2024-04-21 18:16:38.7106991: Auth.cpp(258)] Token in STS has expired, removing from storage
[Info: 2024-04-21 18:16:38.7118015: Auth.cpp(319)] STS Token successfully removed
[Info: 2024-04-21 18:16:38.7121738: NetQueue.cpp(213)] NetQueue: Starting net action https://redstone-launcher.mojang.com/release/v2/products/launcher/8c27cef2cad375cacbb4a98169dae13a58fb7c09/win32.json
[Info: 2024-04-21 18:16:38.9334667: CurlNetQueue.cpp(578)] NetQueue: Primary ip: 2620:1ec:bdf::45, Host: redstone-launcher.mojang.com
[Info: 2024-04-21 18:16:38.9335552: NetQueue.cpp(102)] NetQueue: Action finished: https://redstone-launcher.mojang.com/release/v2/products/launcher/8c27cef2cad375cacbb4a98169dae13a58fb7c09/win32.json
[Info: 2024-04-21 18:16:38.9337627: NetQueue.cpp(133)] Action finalized: https://redstone-launcher.mojang.com/release/v2/products/launcher/8c27cef2cad375cacbb4a98169dae13a58fb7c09/win32.json
[Info: 2024-04-21 18:16:38.9350226: AzureUpdateTools.cpp(279)] Version of bootstrap is current, no action is necessary.
[Info: 2024-04-21 18:16:38.9351406: AzureUpdateTools.cpp(299)] bootstrap is current
[Info: 2024-04-21 18:16:38.9355263: AzureUpdateTools.cpp(275)] We should change core from 2.21.26 to 2.22.14
[Info: 2024-04-21 18:16:38.9355764: AzureUpdateTools.cpp(295)] core update is needed.
[Info: 2024-04-21 18:16:38.9356161: main.cpp(35)] Core outdated!
[Info: 2024-04-21 18:16:38.9357764: main.cpp(63)] Update in folder C:\...\game will now run. (https://redstone-launcher.mojang.com/release/v2/packages/4990dc8a9f3740cc7d219cffc361af3d9fb76c72/manifest.json to version 2.22.14)
[Info: 2024-04-21 18:16:38.9358719: main.cpp(56)] Status reported: Downloading manifest...
[Info: 2024-04-21 18:16:38.9359319: Updating.cpp(101)] Downloading https://redstone-launcher.mojang.com/release/v2/packages/4990dc8a9f3740cc7d219cffc361af3d9fb76c72/manifest.json
[Info: 2024-04-21 18:16:38.9362029: NetQueue.cpp(213)] NetQueue: Starting net action https://redstone-launcher.mojang.com/release/v2/packages/4990dc8a9f3740cc7d219cffc361af3d9fb76c72/manifest.json
[Info: 2024-04-21 18:16:38.9910731: CurlNetQueue.cpp(578)] NetQueue: Primary ip: 2620:1ec:bdf::45, Host: redstone-launcher.mojang.com
[Info: 2024-04-21 18:16:38.9911501: NetQueue.cpp(102)] NetQueue: Action finished: https://redstone-launcher.mojang.com/release/v2/packages/4990dc8a9f3740cc7d219cffc361af3d9fb76c72/manifest.json
[Info: 2024-04-21 18:16:38.9912213: NetQueue.cpp(133)] Action finalized: https://redstone-launcher.mojang.com/release/v2/packages/4990dc8a9f3740cc7d219cffc361af3d9fb76c72/manifest.json
[Info: 2024-04-21 18:16:38.9992021: main.cpp(56)] Status reported: Inspecting current version and preparing for update...
[Info: 2024-04-21 18:16:39.0243481: Updating.cpp(244)] Target path: C:\...\game
[Info: 2024-04-21 18:16:39.0258092: Sha1Cacher.cpp(125)] SHA1 cacher get C:\...\.version, internal: /:\...\.version
[Info: 2024-04-21 18:16:39.0264316: Sha1Cacher.cpp(125)] SHA1 cacher get C:\...\chrome_100_percent.pak, internal: /:\...\chrome_100_percent.pak
[Info: 2024-04-21 18:16:39.0268225: Sha1Cacher.cpp(125)] SHA1 cacher get C:\...\chrome_200_percent.pak, internal: /:\...\chrome_200_percent.pak
[Info: 2024-04-21 18:16:39.0270165: Sha1Cacher.cpp(125)] SHA1 cacher get C:\...\chrome_elf.dll, internal: /:\...\chrome_elf.dll
[Info: 2024-04-21 18:16:39.0279677: Sha1Cacher.cpp(125)] SHA1 cacher get C:\...\d3dcompiler_47.dll, internal: /:\...\d3dcompiler_47.dll
[Info: 2024-04-21 18:16:39.0280458: Sha1Cacher.cpp(125)] SHA1 cacher get C:\...\icudtl.dat, internal: /:\...\icudtl.dat
[Info: 2024-04-21 18:16:39.0296508: Sha1Cacher.cpp(125)] SHA1 cacher get C:\...\JavaCheck.jar, internal: /:\...\JavaCheck.jar
[Info: 2024-04-21 18:16:39.0296779: Sha1Cacher.cpp(125)] SHA1 cacher get C:\...\launcher.dll, internal: /:\...\launcher.dll
[Info: 2024-04-21 18:16:39.0308278: Sha1Cacher.cpp(125)] SHA1 cacher get C:\...\libcef.dll, internal: /:\...\libcef.dll
[Info: 2024-04-21 18:16:39.0321486: Sha1Cacher.cpp(125)] SHA1 cacher get C:\...\libEGL.dll, internal: /:\...\libEGL.dll
[Info: 2024-04-21 18:16:39.0336603: Sha1Cacher.cpp(125)] SHA1 cacher get C:\...\libGLESv2.dll, internal: /:\...\libGLESv2.dll
[Info: 2024-04-21 18:16:39.0375460: Sha1Cacher.cpp(125)] SHA1 cacher get C:\...\am.pak, internal: /:\...\am.pak
[Info: 2024-04-21 18:16:39.0407805: Sha1Cacher.cpp(125)] SHA1 cacher get C:\...\en-GB.pak, internal: /:\...\en-GB.pak
[Info: 2024-04-21 18:16:39.0865354: Sha1Cacher.cpp(125)] SHA1 cacher get C:\...\vk_swiftshader_icd.json, internal: /:\...\vk_swiftshader_icd.json
[Info: 2024-04-21 18:16:39.0874015: Sha1Cacher.cpp(125)] SHA1 cacher get C:\...\april.zip, internal: /:\...\april.zip
[Info: 2024-04-21 18:16:39.0899621: Sha1Cacher.cpp(125)] SHA1 cacher get C:\...\icons.zip, internal: /:\...\icons.zip
[Info: 2024-04-21 18:16:39.0940842: Sha1Cacher.cpp(125)] SHA1 cacher get C:\...\movies.zip, internal: /:\...\movies.zip
[Info: 2024-04-21 18:16:39.0946661: Sha1Cacher.cpp(125)] SHA1 cacher get C:\...\images.zip, internal: /:\...\images.zip
[Info: 2024-04-21 18:16:39.0963196: Sha1Cacher.cpp(125)] SHA1 cacher get C:\...\snapshot_blob.bin, internal: /:\...\snapshot_blob.bin
[Info: 2024-04-21 18:16:39.0970025: Sha1Cacher.cpp(125)] SHA1 cacher get C:\...\zh-TW.pak, internal: /:\...\zh-TW.pak
[Info: 2024-04-21 18:16:39.0993582: Sha1Cacher.cpp(125)] SHA1 cacher get C:\...\en-US.pak, internal: /:\...\en-US.pak
[Info: 2024-04-21 18:16:39.1035690: Sha1Cacher.cpp(125)] SHA1 cacher get C:\...\zh-CN.pak, internal: /:\...\zh-CN.pak
[Info: 2024-04-21 18:16:39.1056819: Sha1Cacher.cpp(125)] SHA1 cacher get C:\...\id.pak, internal: /:\...\id.pak
[Info: 2024-04-21 18:16:39.1074564: Sha1Cacher.cpp(125)] SHA1 cacher get C:\...\et.pak, internal: /:\...\et.pak
[Info: 2024-04-21 18:16:39.1087299: Sha1Cacher.cpp(125)] SHA1 cacher get C:\...\sv.pak, internal: /:\...\sv.pak
[Info: 2024-04-21 18:16:39.1100383: Sha1Cacher.cpp(125)] SHA1 cacher get C:\...\nb.pak, internal: /:\...\nb.pak
[Info: 2024-04-21 18:16:39.1133557: Sha1Cacher.cpp(125)] SHA1 cacher get C:\...\fi.pak, internal: /:\...\fi.pak
[Info: 2024-04-21 18:16:39.1150463: Sha1Cacher.cpp(125)] SHA1 cacher get C:\...\ms.pak, internal: /:\...\ms.pak
[Info: 2024-04-21 18:16:39.1165784: Sha1Cacher.cpp(125)] SHA1 cacher get C:\...\da.pak, internal: /:\...\da.pak
[Info: 2024-04-21 18:16:39.1181784: Sha1Cacher.cpp(125)] SHA1 cacher get C:\...\nl.pak, internal: /:\...\nl.pak
[Info: 2024-04-21 18:16:39.1197823: Sha1Cacher.cpp(125)] SHA1 cacher get C:\...\sw.pak, internal: /:\...\sw.pak
[Info: 2024-04-21 18:16:39.1234007: Sha1Cacher.cpp(125)] SHA1 cacher get C:\...\tr.pak, internal: /:\...\tr.pak
[Info: 2024-04-21 18:16:39.1246054: Sha1Cacher.cpp(125)] SHA1 cacher get C:\...\pt-BR.pak, internal: /:\...\pt-BR.pak
[Info: 2024-04-21 18:16:39.1265959: Sha1Cacher.cpp(125)] SHA1 cacher get C:\...\hr.pak, internal: /:\...\hr.pak
[Info: 2024-04-21 18:16:39.1282030: Sha1Cacher.cpp(125)] SHA1 cacher get C:\...\sl.pak, internal: /:\...\sl.pak
[Info: 2024-04-21 18:16:39.1300530: Sha1Cacher.cpp(125)] SHA1 cacher get C:\...\es-419.pak, internal: /:\...\es-419.pak
[Info: 2024-04-21 18:16:39.1320493: Sha1Cacher.cpp(125)] SHA1 cacher get C:\...\es.pak, internal: /:\...\es.pak
[Info: 2024-04-21 18:16:39.1320842: Sha1Cacher.cpp(125)] SHA1 cacher get C:\...\it.pak, internal: /:\...\it.pak
[Info: 2024-04-21 18:16:39.1337779: Sha1Cacher.cpp(125)] SHA1 cacher get C:\...\ca.pak, internal: /:\...\ca.pak
[Info: 2024-04-21 18:16:39.1364823: Sha1Cacher.cpp(125)] SHA1 cacher get C:\...\libEGL.dll, internal: /:\...\libEGL.dll
[Info: 2024-04-21 18:16:39.1365777: Sha1Cacher.cpp(125)] SHA1 cacher get C:\...\ko.pak, internal: /:\...\ko.pak
[Info: 2024-04-21 18:16:39.1386753: Sha1Cacher.cpp(125)] SHA1 cacher get C:\...\ro.pak, internal: /:\...\ro.pak
[Info: 2024-04-21 18:16:39.1391138: Sha1Cacher.cpp(125)] SHA1 cacher get C:\...\pt-PT.pak, internal: /:\...\pt-PT.pak
[Info: 2024-04-21 18:16:39.1415356: Sha1Cacher.cpp(125)] SHA1 cacher get C:\...\de.pak, internal: /:\...\de.pak
[Info: 2024-04-21 18:16:39.1419140: Sha1Cacher.cpp(125)] SHA1 cacher get C:\...\cs.pak, internal: /:\...\cs.pak
[Info: 2024-04-21 18:16:39.1449504: Sha1Cacher.cpp(125)] SHA1 cacher get C:\...\fil.pak, internal: /:\...\fil.pak
[Info: 2024-04-21 18:16:39.1468167: Sha1Cacher.cpp(125)] SHA1 cacher get C:\...\pl.pak, internal: /:\...\pl.pak
[Info: 2024-04-21 18:16:39.1477676: Sha1Cacher.cpp(125)] SHA1 cacher get C:\...\sk.pak, internal: /:\...\sk.pak
[Info: 2024-04-21 18:16:39.1489865: Sha1Cacher.cpp(125)] SHA1 cacher get C:\...\lt.pak, internal: /:\...\lt.pak
[Info: 2024-04-21 18:16:39.1494153: Sha1Cacher.cpp(125)] SHA1 cacher get C:\...\hu.pak, internal: /:\...\hu.pak
[Info: 2024-04-21 18:16:39.1504429: Sha1Cacher.cpp(125)] SHA1 cacher get C:\...\lv.pak, internal: /:\...\lv.pak
[Info: 2024-04-21 18:16:39.1533873: Sha1Cacher.cpp(125)] SHA1 cacher get C:\...\fr.pak, internal: /:\...\fr.pak
[Info: 2024-04-21 18:16:39.1552443: Sha1Cacher.cpp(125)] SHA1 cacher get C:\...\vi.pak, internal: /:\...\vi.pak
[Info: 2024-04-21 18:16:39.1561410: Sha1Cacher.cpp(125)] SHA1 cacher get C:\...\ja.pak, internal: /:\...\ja.pak
[Info: 2024-04-21 18:16:39.1562013: Sha1Cacher.cpp(125)] SHA1 cacher get C:\...\he.pak, internal: /:\...\he.pak
[Info: 2024-04-21 18:16:39.1566548: Sha1Cacher.cpp(125)] SHA1 cacher get C:\...\fa.pak, internal: /:\...\fa.pak
[Info: 2024-04-21 18:16:39.1588502: Sha1Cacher.cpp(125)] SHA1 cacher get C:\...\ar.pak, internal: /:\...\ar.pak
[Info: 2024-04-21 18:16:39.1612151: Sha1Cacher.cpp(125)] SHA1 cacher get C:\...\sr.pak, internal: /:\...\sr.pak
[Info: 2024-04-21 18:16:39.1615247: Sha1Cacher.cpp(125)] SHA1 cacher get C:\...\logos.zip, internal: /:\...\logos.zip
[Info: 2024-04-21 18:16:39.1624111: Sha1Cacher.cpp(125)] SHA1 cacher get C:\...\ru.pak, internal: /:\...\ru.pak
[Info: 2024-04-21 18:16:39.1625735: Sha1Cacher.cpp(125)] SHA1 cacher get C:\...\uk.pak, internal: /:\...\uk.pak
[Info: 2024-04-21 18:16:39.1673850: Sha1Cacher.cpp(125)] SHA1 cacher get C:\...\bg.pak, internal: /:\...\bg.pak
[Info: 2024-04-21 18:16:39.1680578: Sha1Cacher.cpp(125)] SHA1 cacher get C:\...\v8_context_snapshot.bin, internal: /:\...\v8_context_snapshot.bin
[Info: 2024-04-21 18:16:39.1692374: Sha1Cacher.cpp(125)] SHA1 cacher get C:\...\el.pak, internal: /:\...\el.pak
[Info: 2024-04-21 18:16:39.1700359: Sha1Cacher.cpp(125)] SHA1 cacher get C:\...\upsellcontent.zip, internal: /:\...\upsellcontent.zip
[Info: 2024-04-21 18:16:39.1718765: Sha1Cacher.cpp(125)] SHA1 cacher get C:\...\th.pak, internal: /:\...\th.pak
[Info: 2024-04-21 18:16:39.1740806: Sha1Cacher.cpp(125)] SHA1 cacher get C:\...\vulkan-1.dll, internal: /:\...\vulkan-1.dll
[Info: 2024-04-21 18:16:39.1752892: Sha1Cacher.cpp(125)] SHA1 cacher get C:\...\mr.pak, internal: /:\...\mr.pak
[Info: 2024-04-21 18:16:39.1767129: Sha1Cacher.cpp(125)] SHA1 cacher get C:\...\realms.zip, internal: /:\...\realms.zip
[Info: 2024-04-21 18:16:39.1784134: Sha1Cacher.cpp(125)] SHA1 cacher get C:\...\gu.pak, internal: /:\...\gu.pak
[Info: 2024-04-21 18:16:39.1808325: Sha1Cacher.cpp(125)] SHA1 cacher get C:\...\bn.pak, internal: /:\...\bn.pak
[Info: 2024-04-21 18:16:39.1830618: Sha1Cacher.cpp(125)] SHA1 cacher get C:\...\hi.pak, internal: /:\...\hi.pak
[Info: 2024-04-21 18:16:39.1838178: Sha1Cacher.cpp(125)] SHA1 cacher get C:\...\te.pak, internal: /:\...\te.pak
[Info: 2024-04-21 18:16:39.1856842: Sha1Cacher.cpp(125)] SHA1 cacher get C:\...\kn.pak, internal: /:\...\kn.pak
[Info: 2024-04-21 18:16:39.1885802: Sha1Cacher.cpp(125)] SHA1 cacher get C:\...\ta.pak, internal: /:\...\ta.pak
[Info: 2024-04-21 18:16:39.1896123: Sha1Cacher.cpp(125)] SHA1 cacher get C:\...\ml.pak, internal: /:\...\ml.pak
[Info: 2024-04-21 18:16:39.1923149: Sha1Cacher.cpp(125)] SHA1 cacher get C:\...\libGLESv2.dll, internal: /:\...\libGLESv2.dll
[Info: 2024-04-21 18:16:39.1938312: Sha1Cacher.cpp(125)] SHA1 cacher get C:\...\vk_swiftshader.dll, internal: /:\...\vk_swiftshader.dll
[Info: 2024-04-21 18:16:39.1961634: Sha1Cacher.cpp(125)] SHA1 cacher get C:\...\common.zip, internal: /:\...\common.zip
[Info: 2024-04-21 18:16:39.1998674: Sha1Cacher.cpp(125)] SHA1 cacher get C:\...\dungeonscarousel.zip, internal: /:\...\dungeonscarousel.zip
[Info: 2024-04-21 18:16:39.2003972: Sha1Cacher.cpp(125)] SHA1 cacher get C:\...\legendscarosel.zip, internal: /:\...\legendscarosel.zip
[Info: 2024-04-21 18:16:39.2158394: Sha1Cacher.cpp(125)] SHA1 cacher get C:\...\background.zip, internal: /:\...\background.zip
[Info: 2024-04-21 18:16:39.2315831: Sha1Cacher.cpp(125)] SHA1 cacher get C:\...\dungeonsmusicbeats.zip, internal: /:\...\dungeonsmusicbeats.zip
[Info: 2024-04-21 18:16:39.2431393: Sha1Cacher.cpp(125)] SHA1 cacher get C:\...\onevanilla.zip, internal: /:\...\onevanilla.zip
[Info: 2024-04-21 18:16:39.2432150: Sha1Cacher.cpp(125)] SHA1 cacher get C:\...\resources.pak, internal: /:\...\resources.pak
[Info: 2024-04-21 18:16:39.2776243: Sha1Cacher.cpp(125)] SHA1 cacher get C:\...\legendsmusicbeats.zip, internal: /:\...\legendsmusicbeats.zip
[Info: 2024-04-21 18:16:39.3028446: Sha1Cacher.cpp(125)] SHA1 cacher get C:\...\vanillamusicbeats.zip, internal: /:\...\vanillamusicbeats.zip
[Info: 2024-04-21 18:16:40.0269023: Updating.cpp(262)] Staging path: C:\...\staging
[Info: 2024-04-21 18:16:40.0281954: main.cpp(56)] Status reported: Downloading update files...
[Info: 2024-04-21 18:16:40.0290742: NetQueue.cpp(213)] NetQueue: Starting net action https://redstone-launcher.mojang.com/release/v2/objects/5650dc5e71167bd45c94c1bea75bba14fa00fe40/JavaCheck.jar
[Info: 2024-04-21 18:16:40.0291367: NetQueue.cpp(213)] NetQueue: Starting net action https://redstone-launcher.mojang.com/release/v2/objects/e249cee6b180531fc2eba10c8687f190c9b84302/launcher.dll
[Info: 2024-04-21 18:16:40.0291649: NetQueue.cpp(213)] NetQueue: Starting net action https://redstone-launcher.mojang.com/release/v2/objects/fb7d413ff2e7281a44c4b8a408439550386db431/background.zip
[Info: 2024-04-21 18:16:40.0755353: CurlNetQueue.cpp(578)] NetQueue: Primary ip: 2620:1ec:bdf::45, Host: redstone-launcher.mojang.com
[Info: 2024-04-21 18:16:40.0756230: NetQueue.cpp(102)] NetQueue: Action finished: https://redstone-launcher.mojang.com/release/v2/objects/5650dc5e71167bd45c94c1bea75bba14fa00fe40/JavaCheck.jar
[Info: 2024-04-21 18:16:40.0758790: NetQueue.cpp(133)] Action finalized: https://redstone-launcher.mojang.com/release/v2/objects/5650dc5e71167bd45c94c1bea75bba14fa00fe40/JavaCheck.jar
[Info: 2024-04-21 18:16:45.0155715: CurlNetQueue.cpp(578)] NetQueue: Primary ip: 2620:1ec:bdf::45, Host: redstone-launcher.mojang.com
[Info: 2024-04-21 18:16:45.0156483: NetQueue.cpp(102)] NetQueue: Action finished: https://redstone-launcher.mojang.com/release/v2/objects/e249cee6b180531fc2eba10c8687f190c9b84302/launcher.dll
[Info: 2024-04-21 18:16:45.0158363: NetQueue.cpp(133)] Action finalized: https://redstone-launcher.mojang.com/release/v2/objects/e249cee6b180531fc2eba10c8687f190c9b84302/launcher.dll
[Info: 2024-04-21 18:16:46.0910589: CurlNetQueue.cpp(578)] NetQueue: Primary ip: 2620:1ec:bdf::45, Host: redstone-launcher.mojang.com
[Info: 2024-04-21 18:16:46.0911166: NetQueue.cpp(102)] NetQueue: Action finished: https://redstone-launcher.mojang.com/release/v2/objects/fb7d413ff2e7281a44c4b8a408439550386db431/background.zip
[Info: 2024-04-21 18:16:46.0913193: NetQueue.cpp(133)] Action finalized: https://redstone-launcher.mojang.com/release/v2/objects/fb7d413ff2e7281a44c4b8a408439550386db431/background.zip
[Info: 2024-04-21 18:16:46.0914211: main.cpp(56)] Status reported: Updating...
[Info: 2024-04-21 18:16:46.0918170: Updating.cpp(475)] DeleteFile(C:\...\.version)
[Info: 2024-04-21 18:16:46.0921285: Updating.cpp(475)] DeleteFile(C:\...\JavaCheck.jar)
[Info: 2024-04-21 18:16:46.0926068: Updating.cpp(475)] DeleteFile(C:\...\launcher.dll)
[Info: 2024-04-21 18:16:46.0943222: Updating.cpp(475)] DeleteFile(C:\...\background.zip)
[Info: 2024-04-21 18:16:46.0953214: Updating.cpp(463)] CopyFile(C:\...\5650dc5e71167bd45c94c1bea75bba14fa00fe40, C:\...\JavaCheck.jar, executable)
[Info: 2024-04-21 18:16:46.0978616: Updating.cpp(463)] CopyFile(C:\...\e249cee6b180531fc2eba10c8687f190c9b84302, C:\...\launcher.dll, executable)
[Info: 2024-04-21 18:16:46.1187318: Updating.cpp(463)] CopyFile(C:\...\fb7d413ff2e7281a44c4b8a408439550386db431, C:\...\background.zip, executable)
[Info: 2024-04-21 18:16:46.1386873: Updating.cpp(452)] SetPermissions(C:\...\chrome_100_percent.pak, executable)
[Info: 2024-04-21 18:16:46.1390855: Updating.cpp(452)] SetPermissions(C:\...\chrome_200_percent.pak, executable)
[Info: 2024-04-21 18:16:46.1393976: Updating.cpp(452)] SetPermissions(C:\...\chrome_elf.dll, executable)
[Info: 2024-04-21 18:16:46.1397214: Updating.cpp(452)] SetPermissions(C:\...\d3dcompiler_47.dll, executable)
[Info: 2024-04-21 18:16:46.1400323: Updating.cpp(452)] SetPermissions(C:\...\icudtl.dat, executable)
[Info: 2024-04-21 18:16:46.1402712: Updating.cpp(452)] SetPermissions(C:\...\libEGL.dll, executable)
[Info: 2024-04-21 18:16:46.1404735: Updating.cpp(452)] SetPermissions(C:\...\libGLESv2.dll, executable)
[Info: 2024-04-21 18:16:46.1406790: Updating.cpp(452)] SetPermissions(C:\...\libcef.dll, executable)
[Info: 2024-04-21 18:16:46.1408733: Updating.cpp(452)] SetPermissions(C:\...\am.pak, executable)
[Info: 2024-04-21 18:16:46.1410595: Updating.cpp(452)] SetPermissions(C:\...\ar.pak, executable)
[Info: 2024-04-21 18:16:46.1412426: Updating.cpp(452)] SetPermissions(C:\...\bg.pak, executable)
[Info: 2024-04-21 18:16:46.1416748: Updating.cpp(452)] SetPermissions(C:\...\bn.pak, executable)
[Info: 2024-04-21 18:16:46.1421420: Updating.cpp(452)] SetPermissions(C:\...\ca.pak, executable)
[Info: 2024-04-21 18:16:46.1423496: Updating.cpp(452)] SetPermissions(C:\...\cs.pak, executable)
[Info: 2024-04-21 18:16:46.1425463: Updating.cpp(452)] SetPermissions(C:\...\da.pak, executable)
[Info: 2024-04-21 18:16:46.1427358: Updating.cpp(452)] SetPermissions(C:\...\de.pak, executable)
[Info: 2024-04-21 18:16:46.1429222: Updating.cpp(452)] SetPermissions(C:\...\el.pak, executable)
[Info: 2024-04-21 18:16:46.1431094: Updating.cpp(452)] SetPermissions(C:\...\en-GB.pak, executable)
[Info: 2024-04-21 18:16:46.1433032: Updating.cpp(452)] SetPermissions(C:\...\en-US.pak, executable)
[Info: 2024-04-21 18:16:46.1435383: Updating.cpp(452)] SetPermissions(C:\...\es-419.pak, executable)
[Info: 2024-04-21 18:16:46.1437323: Updating.cpp(452)] SetPermissions(C:\...\es.pak, executable)
[Info: 2024-04-21 18:16:46.1439222: Updating.cpp(452)] SetPermissions(C:\...\et.pak, executable)
[Info: 2024-04-21 18:16:46.1441069: Updating.cpp(452)] SetPermissions(C:\...\fa.pak, executable)
[Info: 2024-04-21 18:16:46.1442907: Updating.cpp(452)] SetPermissions(C:\...\fi.pak, executable)
[Info: 2024-04-21 18:16:46.1444734: Updating.cpp(452)] SetPermissions(C:\...\fil.pak, executable)
[Info: 2024-04-21 18:16:46.1446539: Updating.cpp(452)] SetPermissions(C:\...\fr.pak, executable)
[Info: 2024-04-21 18:16:46.1448322: Updating.cpp(452)] SetPermissions(C:\...\gu.pak, executable)
[Info: 2024-04-21 18:16:46.1450104: Updating.cpp(452)] SetPermissions(C:\...\he.pak, executable)
[Info: 2024-04-21 18:16:46.1451870: Updating.cpp(452)] SetPermissions(C:\...\hi.pak, executable)
[Info: 2024-04-21 18:16:46.1453643: Updating.cpp(452)] SetPermissions(C:\...\hr.pak, executable)
[Info: 2024-04-21 18:16:46.1455417: Updating.cpp(452)] SetPermissions(C:\...\hu.pak, executable)
[Info: 2024-04-21 18:16:46.1457199: Updating.cpp(452)] SetPermissions(C:\...\id.pak, executable)
[Info: 2024-04-21 18:16:46.1458981: Updating.cpp(452)] SetPermissions(C:\...\it.pak, executable)
[Info: 2024-04-21 18:16:46.1460758: Updating.cpp(452)] SetPermissions(C:\...\ja.pak, executable)
[Info: 2024-04-21 18:16:46.1462541: Updating.cpp(452)] SetPermissions(C:\...\kn.pak, executable)
[Info: 2024-04-21 18:16:46.1464313: Updating.cpp(452)] SetPermissions(C:\...\ko.pak, executable)
[Info: 2024-04-21 18:16:46.1466075: Updating.cpp(452)] SetPermissions(C:\...\lt.pak, executable)
[Info: 2024-04-21 18:16:46.1467841: Updating.cpp(452)] SetPermissions(C:\...\lv.pak, executable)
[Info: 2024-04-21 18:16:46.1469595: Updating.cpp(452)] SetPermissions(C:\...\ml.pak, executable)
[Info: 2024-04-21 18:16:46.1471366: Updating.cpp(452)] SetPermissions(C:\...\mr.pak, executable)
[Info: 2024-04-21 18:16:46.1473132: Updating.cpp(452)] SetPermissions(C:\...\ms.pak, executable)
[Info: 2024-04-21 18:16:46.1474893: Updating.cpp(452)] SetPermissions(C:\...\nb.pak, executable)
[Info: 2024-04-21 18:16:46.1476665: Updating.cpp(452)] SetPermissions(C:\...\nl.pak, executable)
[Info: 2024-04-21 18:16:46.1478433: Updating.cpp(452)] SetPermissions(C:\...\pl.pak, executable)
[Info: 2024-04-21 18:16:46.1480201: Updating.cpp(452)] SetPermissions(C:\...\pt-BR.pak, executable)
[Info: 2024-04-21 18:16:46.1482038: Updating.cpp(452)] SetPermissions(C:\...\pt-PT.pak, executable)
[Info: 2024-04-21 18:16:46.1483933: Updating.cpp(452)] SetPermissions(C:\...\ro.pak, executable)
[Info: 2024-04-21 18:16:46.1485788: Updating.cpp(452)] SetPermissions(C:\...\ru.pak, executable)
[Info: 2024-04-21 18:16:46.1487927: Updating.cpp(452)] SetPermissions(C:\...\sk.pak, executable)
[Info: 2024-04-21 18:16:46.1489851: Updating.cpp(452)] SetPermissions(C:\...\sl.pak, executable)
[Info: 2024-04-21 18:16:46.1491664: Updating.cpp(452)] SetPermissions(C:\...\sr.pak, executable)
[Info: 2024-04-21 18:16:46.1493468: Updating.cpp(452)] SetPermissions(C:\...\sv.pak, executable)
[Info: 2024-04-21 18:16:46.1495255: Updating.cpp(452)] SetPermissions(C:\...\sw.pak, executable)
[Info: 2024-04-21 18:16:46.1497031: Updating.cpp(452)] SetPermissions(C:\...\ta.pak, executable)
[Info: 2024-04-21 18:16:46.1499535: Updating.cpp(452)] SetPermissions(C:\...\te.pak, executable)
[Info: 2024-04-21 18:16:46.1502327: Updating.cpp(452)] SetPermissions(C:\...\th.pak, executable)
[Info: 2024-04-21 18:16:46.1504330: Updating.cpp(452)] SetPermissions(C:\...\tr.pak, executable)
[Info: 2024-04-21 18:16:46.1506243: Updating.cpp(452)] SetPermissions(C:\...\uk.pak, executable)
[Info: 2024-04-21 18:16:46.1508111: Updating.cpp(452)] SetPermissions(C:\...\vi.pak, executable)
[Info: 2024-04-21 18:16:46.1509973: Updating.cpp(452)] SetPermissions(C:\...\zh-CN.pak, executable)
[Info: 2024-04-21 18:16:46.1511839: Updating.cpp(452)] SetPermissions(C:\...\zh-TW.pak, executable)
[Info: 2024-04-21 18:16:46.1513688: Updating.cpp(452)] SetPermissions(C:\...\april.zip, executable)
[Info: 2024-04-21 18:16:46.1515503: Updating.cpp(452)] SetPermissions(C:\...\common.zip, executable)
[Info: 2024-04-21 18:16:46.1517289: Updating.cpp(452)] SetPermissions(C:\...\dungeonscarousel.zip, executable)
[Info: 2024-04-21 18:16:46.1519090: Updating.cpp(452)] SetPermissions(C:\...\dungeonsmusicbeats.zip, executable)
[Info: 2024-04-21 18:16:46.1520920: Updating.cpp(452)] SetPermissions(C:\...\icons.zip, executable)
[Info: 2024-04-21 18:16:46.1522739: Updating.cpp(452)] SetPermissions(C:\...\images.zip, executable)
[Info: 2024-04-21 18:16:46.1524570: Updating.cpp(452)] SetPermissions(C:\...\legendscarosel.zip, executable)
[Info: 2024-04-21 18:16:46.1526663: Updating.cpp(452)] SetPermissions(C:\...\legendsmusicbeats.zip, executable)
[Info: 2024-04-21 18:16:46.1529578: Updating.cpp(452)] SetPermissions(C:\...\logos.zip, executable)
[Info: 2024-04-21 18:16:46.1532490: Updating.cpp(452)] SetPermissions(C:\...\movies.zip, executable)
[Info: 2024-04-21 18:16:46.1534809: Updating.cpp(452)] SetPermissions(C:\...\onevanilla.zip, executable)
[Info: 2024-04-21 18:16:46.1537592: Updating.cpp(452)] SetPermissions(C:\...\realms.zip, executable)
[Info: 2024-04-21 18:16:46.1539905: Updating.cpp(452)] SetPermissions(C:\...\upsellcontent.zip, executable)
[Info: 2024-04-21 18:16:46.1542636: Updating.cpp(452)] SetPermissions(C:\...\vanillamusicbeats.zip, executable)
[Info: 2024-04-21 18:16:46.1544539: Updating.cpp(452)] SetPermissions(C:\...\resources.pak, executable)
[Info: 2024-04-21 18:16:46.1546382: Updating.cpp(452)] SetPermissions(C:\...\snapshot_blob.bin, executable)
[Info: 2024-04-21 18:16:46.1548227: Updating.cpp(452)] SetPermissions(C:\...\libEGL.dll, executable)
[Info: 2024-04-21 18:16:46.1550791: Updating.cpp(452)] SetPermissions(C:\...\libGLESv2.dll, executable)
[Info: 2024-04-21 18:16:46.1552794: Updating.cpp(452)] SetPermissions(C:\...\v8_context_snapshot.bin, executable)
[Info: 2024-04-21 18:16:46.1554717: Updating.cpp(452)] SetPermissions(C:\...\vk_swiftshader.dll, executable)
[Info: 2024-04-21 18:16:46.1556897: Updating.cpp(452)] SetPermissions(C:\...\vk_swiftshader_icd.json, executable)
[Info: 2024-04-21 18:16:46.1559159: Updating.cpp(452)] SetPermissions(C:\...\vulkan-1.dll, executable)
[Info: 2024-04-21 18:16:46.1561505: main.cpp(56)] Status reported: Cleaning up...
[Info: 2024-04-21 18:16:46.1625796: Updating.cpp(714)] Update succeeded, writing version file to: C:\...\.version !
[Info: 2024-04-21 18:16:46.1629088: StartLibrary.cpp(62)] Starting C:\...\launcher.dll
[Info: 2024-04-21 18:16:46.3400967: StartLibrary.cpp(111)] Running launcher!
[Info: 2024-04-21 18:16:46.3401617: StartLibrary.cpp(113)] Logging is open, passing it to Launcher Core.
[Info: 2024-04-21 18:16:46.3425093: LauncherMain.cpp(112)] Initiated models
[Info: 2024-04-21 18:16:46.3454726: LauncherMain.cpp(283)] Initiated app arguments
[Info: 2024-04-21 18:16:46.3455386: LauncherMain.cpp(341)] Initiated directories
[Info: 2024-04-21 18:16:46.3456846: LauncherMain.cpp(366)] Initialized network
[Info: 2024-04-21 18:16:46.3457419: NetQueue.cpp(32)] NetQueue: Setting up.
[Info: 2024-04-21 18:16:46.3462837: NetQueue.cpp(414)] NetQueue: worker thread started.
[Info: 2024-04-21 18:16:46.3464488: LauncherMain.cpp(389)] Initialized Sentry
[Info: 2024-04-21 18:16:46.3465300: LauncherMain.cpp(397)] workDir: %USERPROFILE%\AppData\Roaming\.minecraft
[Info: 2024-04-21 18:16:46.3466066: LauncherMain.cpp(407)] appDir: C:\...\Minecraft Launcher
[Info: 2024-04-21 18:16:46.3481224: LauncherMain.cpp(433)] Launcher core version: 2.22.14 (ec59812c4ef8da5d20b2ea89b3166b44310b67ed)
[Info: 2024-04-21 18:16:46.3481788: LauncherMain.cpp(434)] Main process: true
[Info: 2024-04-21 18:16:46.3482825: NetQueue.cpp(32)] NetQueue: Setting up.
[Info: 2024-04-21 18:16:46.3486158: NetQueue.cpp(414)] NetQueue: worker thread started.
[Warning: 2024-04-21 18:16:46.3493811: SentryAPI.cpp(146)] launcher_settings.json: launcher_settings.json.quickPlayMarketplaceDisabled: Unknown key
[Info: 2024-04-21 18:16:46.3512619: NetQueue.cpp(213)] NetQueue: Starting net action https://www.xboxab.com/ab
[Info: 2024-04-21 18:16:46.3524874: LauncherController.cpp(666)] Constructing launcher controller with workDir: %USERPROFILE%\AppData\Roaming\.minecraft, isActive: 1
[Info: 2024-04-21 18:16:46.3577364: NetQueue.cpp(32)] NetQueue: Setting up.
[Info: 2024-04-21 18:16:46.3581354: NetQueue.cpp(414)] NetQueue: worker thread started.
[Info: 2024-04-21 18:16:46.3785834: XalStorage.cpp(521)] Parsing content from MSA File
[Info: 2024-04-21 18:16:46.3788960: XalContext.cpp(517)] ClockSkew is -14634919 (-1 seconds)
[Info: 2024-04-21 18:16:46.3791601: Xal.lib(0)] XAL: Initializing Xal 2021.11.20220411.002, Win32 platform
[Info: 2024-04-21 18:16:46.3792318: Xal.lib(0)] XAL: Init args:
[Info: 2024-04-21 18:16:46.3792807: Xal.lib(0)] XAL:     sandbox: 
[Info: 2024-04-21 18:16:46.3793410: Xal.lib(0)] XAL:     disableDiagnosticTelemetry: false
[Info: 2024-04-21 18:16:46.3794154: Xal.lib(0)] XAL:     correlationVector: (null)
[Info: 2024-04-21 18:16:46.3794742: Xal.lib(0)] XAL:     flags: 91000000
[Info: 2024-04-21 18:16:46.3795290: Xal.lib(0)] XAL:     thirdPartyConsent (0)
[Info: 2024-04-21 18:16:46.3795841: Xal.lib(0)] XAL:     redirectUri: 
[Warning: 2024-04-21 18:16:46.3797193: Xal.lib(0)] XAL: Expected REG_SZ type for SOFTWARE\Microsoft\XboxLive\Sandbox, found 0 instead
[Info: 2024-04-21 18:16:46.3870450: Xal.lib(0)] XAL: Diagnostic telemetry disabled: false
[Info: 2024-04-21 18:16:46.3884941: Xal.lib(0)] XAL: [op 93114200] Operation UploadTelemetryEventsWithDelay is starting
[Info: 2024-04-21 18:16:46.3885763: Xal.lib(0)] XAL_TELEMETRY: AppActivation Version="2021.11.20220411.002"
[Info: 2024-04-21 18:16:46.3887971: Xal.lib(0)] XAL: [op 93112632] Operation InitializeComponents is starting
[Info: 2024-04-21 18:16:46.3888474: Xal.lib(0)] XAL: [op 93112632]     with CV '5wM8niLRYvT2cYt1.0.0'
[Info: 2024-04-21 18:16:46.3890066: Xal.lib(0)] XAL: [op 93197408] Operation InitializeTokenStack is starting
[Info: 2024-04-21 18:16:46.3890442: Xal.lib(0)] XAL: [op 93197408]     with CV '5wM8niLRYvT2cYt1.0.0'
[Info: 2024-04-21 18:16:46.3892190: Xal.lib(0)] XAL: [op 93114312] Operation LoadClockSkew is starting
[Info: 2024-04-21 18:16:46.3892569: Xal.lib(0)] XAL: [op 93114312]     with CV '5wM8niLRYvT2cYt1.0.0'
[Info: 2024-04-21 18:16:46.3893152: Xal.lib(0)] XAL: [op 82203848] Client operation StorageReadPlatformOperation starting (promise 93115320)
[Error: 2024-04-21 18:16:46.3917642: PersistentReflectedStruct.h(57)] Data version 3 is greater than current version 0 but we don't support downgrading.
[Warning: 2024-04-21 18:16:46.3918423: PreferencesManager.cpp(589)] Unable to load profile settings.
[Info: 2024-04-21 18:16:46.3924585: PreferencesManager.cpp(135)] Removed %USERPROFILE%\AppData\Roaming\.minecraft\launcher_profiles_microsoft_store.json
[Info: 2024-04-21 18:16:46.3950331: GameVersionManager.cpp(293)] Reading local cache of the Mojang versions manifest (version_manifest_v2.json)...
[Info: 2024-04-21 18:16:46.4074871: GameVersionManager.cpp(334)] Looking for installed versions in %USERPROFILE%\AppData\Roaming\.minecraft\versions
[Info: 2024-04-21 18:16:46.4092181: GameVersionManager.cpp(375)] Parsing version 1.20.4
[Info: 2024-04-21 18:16:46.4128562: GameVersionManager.cpp(375)] Parsing version 1.20.5-pre1
[Info: 2024-04-21 18:16:46.4168529: GameVersionManager.cpp(375)] Parsing version 1.8.9
[Info: 2024-04-21 18:16:46.4193761: GameVersionManager.cpp(375)] Parsing version 1.8.9-forge1.8.9-11.15.1.2318-1.8.9
[Info: 2024-04-21 18:16:46.4207542: GameVersionManager.cpp(375)] Parsing version 24w07a
[Info: 2024-04-21 18:16:46.4246004: GameVersionManager.cpp(375)] Parsing version 24w09a
[Info: 2024-04-21 18:16:46.4286325: GameVersionManager.cpp(375)] Parsing version 24w10a
[Info: 2024-04-21 18:16:46.4322341: GameVersionManager.cpp(375)] Parsing version 24w14potato
[Info: 2024-04-21 18:16:46.4402515: NetQueue.cpp(213)] NetQueue: Starting net action https://launchermeta.mojang.com/v1/products/java-runtime/2ec0cc96c44e5a76b9c8b7c39df7210883d12871/all.json
[Info: 2024-04-21 18:16:46.4871890: Xal.lib(0)] XAL: [op 82203848] Client operation StorageReadPlatformOperation calling platform handler
[Info: 2024-04-21 18:16:46.4872766: Xal.lib(0)] XAL: [op 82203848] Added operation as handle 04E65534 with type 7171965C
[Info: 2024-04-21 18:16:46.4873310: XalStorage.cpp(317)] [op 04E65534] Xal Read callback - Started
[Info: 2024-04-21 18:16:46.4873895: XalStorage.cpp(417)] [op 04E65534] Xal Read callback - Failed
[Info: 2024-04-21 18:16:46.4876877: Xal.lib(0)] XAL: [op 82203848] Client operation StorageReadPlatformOperation platform handler reported completion status 'XalPlatformOperationResult_Failure' (1)
[Info: 2024-04-21 18:16:46.4877317: Xal.lib(0)] XAL: [op 82203848] Cleared operation handle 04E65534
[Info: 2024-04-21 18:16:46.4877690: Xal.lib(0)] XAL: [op 82203848] Client operation StorageReadPlatformOperation failed with result 0x89235107: Client operation failed
[Info: 2024-04-21 18:16:46.6121871: Xal.lib(0)] XAL: [op 82203848] Client operation StorageReadPlatformOperation continuing (promise 93115320)
[Warning: 2024-04-21 18:16:46.6122782: Xal.lib(0)] XAL: Clock skew failed to be read: 0x89235107 "Client operation failed"
[Warning: 2024-04-21 18:16:46.6123300: Xal.lib(0)] XAL: [op 93114312] Operation LoadClockSkew failed with result: 0x89235107 - Client operation failed
[Info: 2024-04-21 18:16:46.6126470: Xal.lib(0)] XAL: [op 83225112] Operation LoadDeviceIdentity is starting
[Info: 2024-04-21 18:16:46.6126979: Xal.lib(0)] XAL: [op 83225112]     with CV '5wM8niLRYvT2cYt1.0.0'
[Info: 2024-04-21 18:16:46.6127501: Xal.lib(0)] XAL: [op 82207720] Client operation StorageReadPlatformOperation starting (promise 18484760)
[Info: 2024-04-21 18:16:46.6127964: Xal.lib(0)] XAL: [op 82203848] Client operation StorageReadPlatformOperation destroyed
[Info: 2024-04-21 18:16:46.6128524: Xal.lib(0)] XAL: [op 82207720] Client operation StorageReadPlatformOperation calling platform handler
[Info: 2024-04-21 18:16:46.6128901: Xal.lib(0)] XAL: [op 82207720] Added operation as handle 04E66454 with type 7171965C
[Info: 2024-04-21 18:16:46.6129180: XalStorage.cpp(317)] [op 04E66454] Xal Read callback - Started
[Info: 2024-04-21 18:16:46.6129716: XalStorage.cpp(429)] [op 04E66454] Xal Read callback - Succeeded
[Info: 2024-04-21 18:16:46.6132259: Xal.lib(0)] XAL: [op 82207720] Client operation StorageReadPlatformOperation platform handler reported completion status 'XalPlatformOperationResult_Success' (0)
[Info: 2024-04-21 18:16:46.6132664: Xal.lib(0)] XAL: [op 82207720] Cleared operation handle 04E66454
[Info: 2024-04-21 18:16:46.6133002: Xal.lib(0)] XAL: [op 82207720] Client operation StorageReadPlatformOperation succeeded
[Info: 2024-04-21 18:16:46.7371639: Xal.lib(0)] XAL: [op 82207720] Client operation StorageReadPlatformOperation continuing (promise 18484760)
[Info: 2024-04-21 18:16:46.7376431: Xal.lib(0)] XAL: [op 82204376] Client operation StorageReadPlatformOperation starting (promise 93115320)
[Info: 2024-04-21 18:16:46.7376981: Xal.lib(0)] XAL: [op 82207720] Client operation StorageReadPlatformOperation destroyed
[Info: 2024-04-21 18:16:46.7377570: Xal.lib(0)] XAL: [op 82204376] Client operation StorageReadPlatformOperation calling platform handler
[Info: 2024-04-21 18:16:46.7377973: Xal.lib(0)] XAL: [op 82204376] Added operation as handle 04E65744 with type 7171965C
[Info: 2024-04-21 18:16:46.7378313: XalStorage.cpp(317)] [op 04E65744] Xal Read callback - Started
[Warning: 2024-04-21 18:16:46.7504775: XalStorage.cpp(342)] [op 04E65744] STS Error while getting token: 2
[Info: 2024-04-21 18:16:46.7505496: XalStorage.cpp(417)] [op 04E65744] Xal Read callback - Failed
[Info: 2024-04-21 18:16:46.7508766: Xal.lib(0)] XAL: [op 82204376] Client operation StorageReadPlatformOperation platform handler reported completion status 'XalPlatformOperationResult_Failure' (1)
[Info: 2024-04-21 18:16:46.7509239: Xal.lib(0)] XAL: [op 82204376] Cleared operation handle 04E65744
[Info: 2024-04-21 18:16:46.7509713: Xal.lib(0)] XAL: [op 82204376] Client operation StorageReadPlatformOperation failed with result 0x89235107: Client operation failed
[Info: 2024-04-21 18:16:46.8779206: Xal.lib(0)] XAL: [op 82204376] Client operation StorageReadPlatformOperation continuing (promise 93115320)
[Warning: 2024-04-21 18:16:46.8780447: Xal.lib(0)] XAL: [op 83225112] Failed to read Dtoken with error 0x89235107: Client operation failed
[Info: 2024-04-21 18:16:46.8781297: Xal.lib(0)] XAL: [op 82203848] Client operation StorageReadPlatformOperation starting (promise 93115432)
[Info: 2024-04-21 18:16:46.8782115: Xal.lib(0)] XAL: [op 82204376] Client operation StorageReadPlatformOperation destroyed
[Info: 2024-04-21 18:16:46.8783010: Xal.lib(0)] XAL: [op 82203848] Client operation StorageReadPlatformOperation calling platform handler
[Info: 2024-04-21 18:16:46.8783611: Xal.lib(0)] XAL: [op 82203848] Added operation as handle 04E65534 with type 7171965C
[Info: 2024-04-21 18:16:46.8784075: XalStorage.cpp(317)] [op 04E65534] Xal Read callback - Started
[Info: 2024-04-21 18:16:46.8796096: XalStorage.cpp(429)] [op 04E65534] Xal Read callback - Succeeded
[Info: 2024-04-21 18:16:46.8799594: Xal.lib(0)] XAL: [op 82203848] Client operation StorageReadPlatformOperation platform handler reported completion status 'XalPlatformOperationResult_Success' (0)
[Info: 2024-04-21 18:16:46.8800326: Xal.lib(0)] XAL: [op 82203848] Cleared operation handle 04E65534
[Info: 2024-04-21 18:16:46.8800718: Xal.lib(0)] XAL: [op 82203848] Client operation StorageReadPlatformOperation succeeded
[Info: 2024-04-21 18:16:47.0028373: Xal.lib(0)] XAL: [op 82203848] Client operation StorageReadPlatformOperation continuing (promise 93115432)
